0.0545751610321
0.230124539715
0.358532967656
0.0644621229609
0.0685693336745
0.0965013247611
0.188056786302
0.207130504737
0.137502249878
0.641788647989
0.0716390987941
0.671476786786
0.358683886389
0.360128948247
0.940622418076
0.637465442376
0.658494281248
0.12413735986
0.0380632446459
0.949234116685
0.184460087388
0.643080151293
0.161763250754
0.0661908841365
0.207386384055
0.0564451766173
0.200945693321
0.000671069513132
0.087711974883
0.00685488161927
9.24904543307e-05
0.942194676255
0.845734228722
3.24495469408e-05
0.547732898499
0.187666754069
7.29059883228e-05
0.0701774506931
0.250758289073
0.223630842489
0.217283697631
0.0315890986453
0.756037090483
0.000112744813212
0.336669106542
0.000249626412038
0.232936493795
0.652456477209
0.200922175441
0.888993045031
0.0872063033341
0.33684394415
0.129452069377
0.0154673306519
0.749591493572
0.00804827159378
0.741141110702
0.00300951610384
0.141928241394
0.480147308841
0.949919186427
0.290212661195
0.00498898689467
0.362487348614
0.314977662562
0.00591997650524
0.605468272222
0.545645703801
0.00520983786386
0.591209091546
0.082505726038
0.00524413566895
0.186478493942
0.219353322831
0.355162315387
0.0139399540399
0.0629929971079
0.368924743111
0.437417202576
0.0278065722731
0.0207003981426
0.259472072895
0.0648747063467
0.641425213871
0.0185740226989
0.102166901245
0.00254182406838
0.466785590327
0.0216944962075
0.428172665837
0.430125762261
0.0797056445644
0.764778950255
0.485286540634
0.00288716791155
0.163598265418
0.181490324748
0.183753300683
0.000142150453102
0.112310525194
