0.00729035809154
0.591505036995
1.0
0.152406283957
0.210497700055
0.0736382701203
0.0736382701203
0.928730074565
0.0490979816093
0.325179480098
0.474274350767
0.788446734264
0.788446734264
0.210497700055
1.0
0.244928778236
0.720514787136
0.0157372222663
0.531249985995
0.928730074565
0.531249985995
0.0603405329156
0.720514787136
0.654720846019
0.591505036995
0.788446734264
0.720514787136
0.654720846019
0.371093369523
0.720514787136
0.00420755128549
0.720514787136
0.591505036995
0.858027656988
0.128378772851
0.928730074565
0.928730074565
0.591505036995
0.858027656988
0.654720846019
0.0892416459942
0.654720846019
0.788446734264
0.325179480098
1.0
0.788446734264
0.654720846019
0.474274350767
0.210497700055
0.654720846019
0.371093369523
0.179712494879
0.420828640535
0.531249985995
0.474274350767
0.928730074565
0.591505036995
0.531249985995
0.244928778236
0.179712494879
0.591505036995
0.420828640535
0.654720846019
0.283130870662
0.0253473186775
0.00949109605344
0.531249985995
0.0736382701203
0.325179480098
0.0318231273865
0.244928778236
0.128378772851
0.531249985995
0.10740463633
0.474274350767
0.0736382701203
0.371093369523
0.591505036995
0.591505036995
0.00316122202091
0.474274350767
0.591505036995
0.152406283957
0.474274350767
0.325179480098
0.858027656988
0.0490979816093
0.283130870662
0.128378772851
0.591505036995
0.325179480098
0.210497700055
0.531249985995
0.00555891962707
0.531249985995
0.244928778236
0.474274350767
0.0892416459942
0.179712494879
0.283130870662
