0.00526663108865
0.209055200296
0.000168597170016
0.145817796997
0.0990659204336
0.000785863418944
0.484397315516
0.397878303837
0.0029407010276
0.0155372521015
0.168451610692
0.0639786075673
0.038609906655
0.059701402308
0.0125697787407
0.00536057585187
0.0164874710992
0.00567288398989
0.588691877961
0.0169522932701
0.116825219227
0.0691330339581
0.0578284288891
0.10434763688
0.0707892019151
0.768513156242
0.0177958247632
0.0383776758593
0.00671760380072
0.00693759516671
0.0364678617417
0.0184584524249
0.158462090216
0.0261881076723
0.00407588043161
0.619829053188
0.0277923901441
0.00362947246763
0.388071535626
0.0276717348291
0.0970306495423
0.00265831655747
0.871004343865
0.00562737120172
0.0170415193981
0.0491313488434
0.00301665916619
0.33937616707
0.338283519994
0.00430111954753
0.074049757884
0.0519265232743
0.00497862007581
0.00685985690328
0.0684980897297
0.215135926264
0.249095104704
0.746001546948
0.06843883436
0.00263945950181
3.93060098209e-05
0.289963109536
0.0198749784202
0.0687074817308
0.000131754157465
0.0710263214138
0.136655288214
0.0201879930746
0.000702441561958
0.029093650525
0.190032412696
0.559709371086
0.0374093396401
0.00075733760287
0.00771917712788
0.0545286157581
0.0158703659529
0.0377437026923
0.00958076968444
0.00169257912345
0.391138701065
0.0438588683552
0.0270253568142
0.00227737163776
0.321981913408
0.601984007299
0.251855837763
0.0289351638624
0.126053898406
0.0251708514544
0.786015513381
0.13583207813
0.187259618579
0.000332940402112
0.0860640121932
0.0156259417656
0.000292991673688
2.02951911962e-05
0.0296911744688
0.426583793038
