0.838258473449
0.19016578834
0.512432138148
0.0976026208915
0.353582764978
0.0277035704493
0.311717733106
0.644706064547
0.653773728822
0.947614613264
0.0398904349342
0.985043581206
0.486242848929
0.57922774171
0.716329144931
0.514322743801
0.822618844197
0.881105879136
0.358524753744
0.213066974024
0.0390332415702
0.149053459887
0.501630152804
0.012826251944
0.0138669996943
0.127279081393
0.490603724016
0.283660577682
0.407359012059
0.99775834333
0.00811050152451
0.599958473692
0.907283458727
0.147441431802
0.648725911803
0.331586447887
0.543151351071
0.334500768924
0.166795007135
0.0308136302284
0.0683073187842
0.371410674458
0.730405111204
0.898053817502
0.761411379473
0.476300806459
0.0137395463769
0.0221885887849
0.806630194561
0.758797083118
0.679650131878
0.0262158473513
0.750185427186
0.968432648804
0.694886098554
0.648172622571
0.126958459116
0.156452783582
0.457599185195
0.743983146122
0.517040430898
0.0102171683872
0.000621274597223
0.34599412254
0.317690534425
0.596145105575
0.156247805986
0.328691781071
0.0831371672771
0.16946936486
0.159806144461
0.753392760519
0.369904649454
0.208966900106
0.317035724819
0.101829503494
0.857180919482
0.0980632140085
0.991052518115
0.196263918929
0.96917955154
0.418055114971
0.0174870126617
0.914665814222
0.599055069256
0.915489570923
0.516959487007
0.0960208489556
0.30437683352
0.018021140549
0.208360619187
0.386648644255
0.0980847748544
0.498510945464
0.760570887042
0.936573071284
0.918584031779
0.846536855041
0.997913491029
0.753736524081
