0.0413034922301
0.630726801507
0.244697280581
0.0831205460502
0.0599700470027
0.187041748905
0.300106439198
0.912698251759
0.215523970882
0.730083134453
0.116375400452
0.745340061584
0.791574393076
0.527236603311
0.791574393076
0.707411042701
0.630726801507
0.102633627666
0.473126317697
0.508700269525
0.337204159956
0.19612171482
0.442270422092
0.940242494839
0.66666717101
0.853290069603
0.546268974988
0.714937144873
0.810929469087
0.730083134453
0.0419029879997
0.940242494839
0.139358114553
0.810929469087
0.467391751156
0.648555769842
0.139358114553
0.949969497281
0.652155996244
0.97628760769
0.0774497104589
0.940242494839
0.546268974988
0.402859894821
0.956224164489
0.273814846195
0.837954912287
0.272018730288
0.436839196767
0.853290069603
0.502632342826
0.407939428782
0.527236603311
0.898261323751
0.546268974988
0.266694128659
0.539870034762
0.383071408574
0.368778269522
0.392860264229
0.575734197199
0.533525840254
0.359506026271
0.714937144873
0.094351246628
0.0263601749407
0.190884071642
0.256327427723
0.0904546003619
0.109298131127
0.233551454686
0.0342320692614
0.783837328512
0.1974518767
0.418259202605
0.341565464541
0.652155996244
0.383071408574
0.830251388965
0.0248683266725
0.499619208243
0.648555769842
0.218436523775
0.238269987894
0.62719629726
0.772248329454
0.178355517541
0.726285549108
0.252954146268
0.919769311338
0.533525840254
0.268458419906
0.830251388965
0.0078930798632
0.912698251759
0.345975957319
0.116375400452
0.246328693547
0.565791620413
0.481832234571
